$ANSIBLE_VAULT;1.1;AES256
32616530376335363835353131396438323064353763336434616334333431353832353662313531
3966363834353961353532643731316162356132633866320a383761626566346539336534343339
35373734623430383936623537623565636634666265633762656630363337663764323366356632
3561613663376231660a633331643931353231666339626361636538323136343134303132663436
39336431363238343336366633646334333164666139643964653931623436393031333565346561
30623930613138613066663361333861376337373864383338333734333032353035383838386339
38386636333338343364613230636632396337636436363766633039316430316564353635333930
34663764663461396565663333646463653935323330346331333465643234633463623163346664
66623461623234353063666166653038313264663566393933306563323431353736323431373833
36633565616233323638616562383935386561323266313233663837616130393137633732393437
65343763303834316166653433373034623263336464643731656561643965623637336466366162
32383136343534626661353130363563646163396161653331666331316539333966663832353030
37316330383638323236653731366435643731346561383933373864633238353264343636313163
66373930316534623364383033633337383130373331366435656363323732313331626132373638
31353263376165633934386366653766386562343737316436393239666331613864643533663939
33376364393930393166623732323361386432623139333664386364386436373863356634666335
63313035346465633036333862663637363366386430323830633339346336633931366363353634
32663864393931336233336231343733353666373263383339623161323064653234336662643036
38663163616639643661343261333234313963316265303334643136386138373463313732373562
62643631646565323330366539353466613839323836663566353436346636396464396566666365
61633165666332326438646562633135343835353430303062303434366533323761323239356434
66626237666339396334323236376535333130376331373832383762666564623132393466343638
64326138316138346264313765353463613763616361646361303736316466393161303532613933
35333936343733323063386335336535306334613035663037653665333530643761613861643530
64373662303135373733363437306562363861393530653235616265393839373531346265626266
66393266613836393838653766386161646435663030333163333835303534343230646466303864
63643330663534646131326136316464366132376330343938356333626136656162363862356536
31343562353335656662376330343732656634346664613834353531303762373561636530333563
30343232616532366266376538353665313133303537323531373464333566663366333964636534
62633536303934646465333338306666313261356163363861336433303361363861376635633138
37303965323234626638363635386261336163306231613938323436663130633637643238653765
64653237353033636237366365316364643937363034613135643139356233323363663861363535
66353439643039653632343965643135376361393962303732333765376364346535623563646431
33346533663864366135333833396165356363623966613435616134633232303230306565636261
30313633633065343663326333373730376464353465323538613734643836393964306663653762
34323438303333656530336565326165393134303261333933366237356238313031323663666366
65613532333766373663656532396162626264376235356537316433323762613130386433653638
39326238313738376463383362396439636664613231643963626139636432633134636636393734
35663336616235313135643533616236633638386562396235316433663664653264646563346163
36336538343132613234653133373135393461393535393435666661653065643536393662363035
31353462373531663936333863646364643764396164313966376164316131343865366431376330
66626665303736653332373036303263346635373664393464393866633839663835613037383361
66643664333365386631326366383934343938343035623130623831306435396438356662346636
30323933313063363439393032353931303762323631633736356235383736346138643935393235
66656432303131326461646630663333656232633030623833653033336161343433343462653433
37393265636665386533303362386462366630666264636364343665326432623430666565383032
37303664656533396432323364363062306631613631643331613565653139666366613937636133
35313632313666336161363336663862363038666638623232323332316233376662383138336333
65356137653035643764363464663739336537653030396663393361383064383930313434616537
33353230333964616337653134626462316536396138393761643961636234393666366332373732
32353631336535343765616266373535356332306637623137343963613932326635343433396461
34346563396161393930383537323530613138396266366464383565613962623166386263336137
34616332386236393563353963313765613832363432306432633136633463316530326632613733
35616466653936346662323432656164326333313330376230663636396536396138306164333232
62303930373435313063636635363031636163306665366163656534323532623065643633386564
66613632373262323330313165666536316338323931643631306238326635396338323263653362
63386431303837323439316531646461613935636634333138666131616535653663646461306639
35353834373737336265303639343762306632326630336466303965326230616665646332306531
32633166646430643433383635666530313964616630366538363063393465663939383136316264
37383531303535393233656235653263396561626366343638663935303633393366636263323830
63346132393139656532336337633761386435313461666332633261333131343962373834353437
35376337616139303163333031653764333635316165363232663033653139346139346132353564
31323331326231313130373162613566633336303231343236373633373866353962383139343764
32633862376463393436373064616436303530313133633231343736623639303131383065643765
39313830346363366330306365346134353138383833343436626531623834386431373831393063
32323533343963353831343966306436633530653061306363326430663162366465376634653337
63376233373133336530373038343965383937643935623431616137383638656537383266326565
33383833343639306134353234396432303162393232383362363734306432343937396265626665
65376265326361356135323634376134363732336235386433353263616235323831623034646666
61313962663765376361376236343835616361353738323931653638623535323765343637656164
38356466366366316230626631373765393531393533653366646663326130383032656537396537
37646465386634636232643333653261613130323138326132626166613931343630336532663164
63313938373265653631313265346133333030663033343530323831643933623632306131326138
34373566393037396434613064303562366664363431313561663131306234663331303034343437
65613236306436623563623763363034663934386630666362663934373230613831663830386164
31333463393337633638373465326338343936376130333864323731363535313437326530323865
66623031396562383165316130353637656638323932666665353636613861613136643765663465
36646135393965323865363031313730613235623134343233336665316661383732623836316663
35383431373263653161663065373536303666313537333261363163336362643233303664353737
37336230636535653765623631353966646337366166656637616161626462393534313264303637
31383161303138643139336635636631656162616661653964346137376538363263643735383839
65646366653130623661373836326338383166346437623336313565326532353265396334303831
66393938346138616332653462626130373362356236303833323035393938383630633136623138
31653838643237646633306637336236393362333335643832316662303166636333303261636138
61303033383964656238303934373362626433303135373033666463653934656365626333383362
65393561366236336361313463353530303433336130386236303130323436336330343065373661
62376364633932613935626638623135623439633539356464343233333432373439313335393933
30366331346162656434626335393861663838643662366666653133626634653732376435623836
63636365333034613930613661616334306665393232373763663061343964383632616338333865
33663961366330633634383461396139653936323637353632343834393132323065623432666465
64333834396533356361626164333662663339346636346238383463616435306238386234323864
31396335626434306161363861376139303435643562343063646466666462363562396665313532
37626430663435363961393333643938333034643665643563653938353466393937363830313163
38346631626338613665323361326339653038303435333230353533346439643962643232396164
39396436666661393963623561323637356364336662313734633139313564636236663435613566
39303565323337383134383131613162336363623039386264323738383435383963376637313430
30613138363435333438393031353837643066366266343365326631653732636336383363346563
36373930343263313839393230646532643463623232376233616230653438373137373862656565
65313039613261653233303462613165396264653535613063393633613037623434316162663439
34633164343231346165316432333166303962303361303836373330393434653166636462383639
38313666363431336433656531663033386361393834653934363365393136623335393161373433
66396162383061626664663862643663663735626366316230363736316263636636353931333131
36383963616633323863356661633232313038303032353765346134636236363162343033663735
61666663323033383932323631333831356632323633626634393632333632363263643534643234
33303838633664343434376536313231643566326363353562343135633133323430373032343235
36363833303231396639376638326234663436383836636436633836396363613634393062326236
64393764333837303138343635613163366336626333303465313339316536316130643566313234
33363536623235666337623638633437303665666563363533633264313063353764383061643935
31373334363438366537363666353937396333643963326661363862613064366430663035616138
35353530346336646230666163363738313163376636333234363037633039383263343064313364
35613330663761666363666337333234353137326132663931613635316636353731336264373161
36633533636135623439666464383666636639666564396133616336346134616238346336613663
65343938646261333664396165356135326331393236386530613532356436386434636438373665
30353066623161656362363463646238353663333135343562616162613866616130656632313336
66353065613764303563636439646439643135356639663562666234363434373038653937333235
65356432363031366135613735616133633838646662376639396537643931323063666363323538
61376135343538636261313636633265353762653463663833633362343764383964633364643163
34656237626137666434393335636165393637666365663762343533363739393235626437313261
64653336346266623735376363643534643336343432333438376633653466623231643431313435
64363862626464383164663937356261336362326264353237376330663564353632633765376633
64306639646437613635626637333763343863313438373263383965356661343334333666653464
65333965346262323733613634376631633937356236643237623065613938313933636330633431
30663332346330653931346130333735306364626533623639333630643338616231393664663862
36616663613033353831373337663864353363646461616635613535363630343831663766336565
30343336376132303034653830643665376666626465343161663735326239306462353934613433
65336339623332353364313361643265383530346638333330613739383563653539353265623835
38313866366332633131356164656234663439373163636431343731303630616431623461313937
38653533346536633236363963653633623731333863366563383137323931616131656562353132
66653364643636316463663061623764326166666332656533653934356364336233643561383339
65353735383634373032643537356334393434643631616464386536613466616237323738653266
64663361633339386435353465616535393132653962336531323461303165326133393038613433
64636630636263316631393234396538356366373032663831356237613765316237366637663036
38353337333237643433393031633838313261656133616633303266356234356233613965313563
3231346537656337613239626338383135636136663432306362
